-3,6321510428969095 -3,6231804342026 -3,6228555696584213 B 1,1419100569878051
2,2718739672932546 2,2699496711704206 2,270037996590641 B -5,800945397373202
5,14183737933181 5,133072442515219 5,133114954040728 B -7,542518102304214
---
-4,073968912816679 -0,8016028498947476 8,75138094891288 B -4,004599110775368
-6,903986564410119 7,850682454877117 -5,374400467967449 B 1,8807926401422967
---
-3,1395954782656736 14,225149652009586 B -5,048251520851205
10,748955109589227 -1,2035293792337403 B -4,676429145146631
---
